10 10 90
0 1 -215
0 2 114
0 3 -89
0 4 -77
0 5 94
0 6 -170
0 7 176
0 8 117
0 9 -210
1 0 -215
1 2 -217
1 3 134
1 4 77
1 5 -150
1 6 57
1 7 -253
1 8 -230
1 9 49
2 0 114
2 1 -217
2 3 -203
2 4 -80
2 5 138
2 6 -109
2 7 177
2 8 180
2 9 -174
3 0 -89
3 1 134
3 2 -203
3 4 157
3 5 -142
3 6 173
3 7 -241
3 8 -254
3 9 23
4 0 -77
4 1 77
4 2 -80
4 3 157
4 5 -188
4 6 170
4 7 -120
4 8 -160
4 9 -9
5 0 94
5 1 -150
5 2 138
5 3 -142
5 4 -188
5 6 -97
5 7 140
5 8 116
5 9 -106
6 0 -170
6 1 57
6 2 -109
6 3 173
6 4 170
6 5 -97
6 7 -184
6 8 -191
6 9 -6
7 0 176
7 1 -253
7 2 177
7 3 -241
7 4 -120
7 5 140
7 6 -184
7 8 235
7 9 -132
8 0 117
8 1 -230
8 2 180
8 3 -254
8 4 -160
8 5 116
8 6 -191
8 7 235
8 9 -164
9 0 -210
9 1 49
9 2 -174
9 3 23
9 4 -9
9 5 -106
9 6 -6
9 7 -132
9 8 -164
